"AREA";"Zona_Num_N";"id";"LocNombre";"Latitud";"Longitud"
0.96;83;27;"USAQUEN";4.7205421;-74.0245335
0.32;854;28;"USAQUEN";4.7327973;-74.0204654
0.66;57;29;"USAQUEN";4.7427368;-74.019256
0.19;20;30;"USAQUEN";4.7492717;-74.0221292
0.15;18;31;"USAQUEN";4.7548006;-74.0226759
0.23;19;32;"USAQUEN";4.7522978;-74.0207559
0.24;84;33;"USAQUEN";4.7188017;-74.0235287
0.21;82;42;"USAQUEN";4.714561;-74.0304809
0.31;85;43;"USAQUEN";4.7094084;-74.0268212
0.08;81;44;"USAQUEN";4.7170822;-74.0309968
0.12;80;45;"USAQUEN";4.7190143;-74.0301673
0.15;79;46;"USAQUEN";4.7212127;-74.0294348
0.12;78;47;"USAQUEN";4.7226904;-74.0296995
4.57;193;48;"ENGATIVA";4.7189389;-74.1409397
23.26;1;52;"SUBA";4.8000466;-74.0705804
4.09;119;59;"ENGATIVA";4.7273118;-74.1166819
0.48;76;60;"USAQUEN";4.7167597;-74.0373129
0.4;75;61;"USAQUEN";4.7194479;-74.0366637
0.17;74;62;"USAQUEN";4.7217621;-74.0367595
0.45;73;63;"USAQUEN";4.7250687;-74.0364011
0.59;72;64;"USAQUEN";4.7300918;-74.0361641
2.07;87;65;"USAQUEN";4.7085434;-74.0412064
0.46;86;66;"USAQUEN";4.7074453;-74.0305181
0.61;154;67;"USAQUEN";4.7012416;-74.0258947
0.9;194;68;"ENGATIVA";4.7156192;-74.1388235
0.81;195;69;"ENGATIVA";4.7092464;-74.1392479
0.55;196;70;"ENGATIVA";4.704958;-74.1311291
0.8;197;71;"ENGATIVA";4.6989223;-74.1251246
0.78;201;72;"ENGATIVA";4.6887209;-74.1146471
0.36;191;73;"ENGATIVA";4.7149375;-74.1255438
0.48;190;74;"ENGATIVA";4.70758;-74.125558
1.06;302;75;"ENGATIVA";4.6808903;-74.1174786
0.93;192;76;"ENGATIVA";4.720962;-74.1238763
0.31;189;77;"ENGATIVA";4.7127935;-74.1202716
0.79;120;78;"ENGATIVA";4.7135674;-74.1098817
1.07;187;79;"ENGATIVA";4.7064235;-74.1163775
0.25;188;80;"ENGATIVA";4.7107272;-74.1181051
1.06;37;81;"SUBA";4.7504378;-74.1155988
0.41;38;82;"SUBA";4.7565692;-74.1030305
1.71;36;83;"SUBA";4.7567805;-74.1135552
1.22;33;85;"SUBA";4.7555496;-74.0875694
4.38;34;86;"SUBA";4.7689492;-74.0912745
0.25;840;87;"SUBA";4.7501653;-74.0799095
0.66;836;88;"SUBA";4.7386465;-74.0808955
1.65;97;89;"SUBA";4.7214701;-74.0790903
0.23;837;90;"SUBA";4.735572;-74.0756125
0.54;99;91;"SUBA";4.7313893;-74.0840185
0.48;98;92;"SUBA";4.7279638;-74.080919
0.23;31;93;"SUBA";4.7535146;-74.0750455
1.12;30;94;"SUBA";4.7550166;-74.0700975
0.63;107;95;"SUBA";4.737903;-74.0932354
0.96;112;96;"SUBA";4.7311891;-74.101912
1.43;41;97;"SUBA";4.7471575;-74.0897387
0.59;104;98;"SUBA";4.7246587;-74.0988169
0.58;40;99;"SUBA";4.7511721;-74.0994841
0.41;39;100;"SUBA";4.7552041;-74.0968357
0.76;88;101;"USAQUEN";4.7119658;-74.0513421
0.67;69;102;"USAQUEN";4.7238195;-74.0485849
0.32;70;103;"USAQUEN";4.7265866;-74.0436976
0.42;71;104;"USAQUEN";4.7201541;-74.0441757
0.35;62;105;"USAQUEN";4.7325771;-74.0430664
0.53;51;106;"USAQUEN";4.7385776;-74.0432378
0.55;122;107;"ENGATIVA";4.7136335;-74.102217
0.29;123;108;"ENGATIVA";4.7101019;-74.1035516
0.47;185;109;"ENGATIVA";4.7040436;-74.1058594
0.34;186;110;"ENGATIVA";4.7002186;-74.1088301
0.43;199;111;"ENGATIVA";4.697058;-74.1103038
0.45;121;112;"ENGATIVA";4.7174353;-74.1035545
0.85;103;113;"SUBA";4.720817;-74.0939037
0.28;102;114;"SUBA";4.7137072;-74.0865652
0.51;101;115;"SUBA";4.7200457;-74.0870443
0.31;100;116;"SUBA";4.7256189;-74.0868157
0.75;105;117;"SUBA";4.7300714;-74.0930556
0.37;96;118;"SUBA";4.7127103;-74.0755083
0.3;132;119;"SUBA";4.7092484;-74.0821859
0.32;95;120;"SUBA";4.7157442;-74.0716165
0.41;839;121;"SUBA";4.7275207;-74.0727122
0.99;89;122;"SUBA";4.7134126;-74.0564069
0.35;68;123;"SUBA";4.7224055;-74.0547616
0.9;93;124;"SUBA";4.7228284;-74.0631271
1.06;67;125;"SUBA";4.728803;-74.0567181
0.54;92;126;"SUBA";4.7136126;-74.0666911
1.19;44;127;"SUBA";4.7379104;-74.0692711
0.61;66;128;"SUBA";4.7360403;-74.0588827
0.53;45;129;"SUBA";4.7474464;-74.0671177
0.94;46;130;"SUBA";4.7483049;-74.062122
0.12;126;131;"SUBA";4.7157999;-74.092741
0.46;125;132;"ENGATIVA";4.7090791;-74.097951
0.46;129;133;"ENGATIVA";4.7047314;-74.0962398
0.38;184;134;"ENGATIVA";4.6987624;-74.0983596
0.28;183;135;"ENGATIVA";4.696585;-74.1028997
1.44;127;136;"SUBA";4.7055868;-74.0884574
0.4;91;137;"SUBA";4.7122831;-74.0616263
0.55;140;138;"SUBA";4.7059214;-74.0596532
0.65;139;139;"SUBA";4.7065072;-74.0679952
0.57;852;140;"USAQUEN";4.7012966;-74.0462569
0.72;138;141;"SUBA";4.695779;-74.0663018
0.97;133;142;"SUBA";4.7060629;-74.0758782
1.08;147;143;"USAQUEN";4.6995576;-74.0376163
0.5;851;144;"USAQUEN";4.6951698;-74.0473466
0.54;143;145;"SUBA";4.6922684;-74.0588527
0.18;142;146;"SUBA";4.6932149;-74.0616268
0.72;167;147;"BARRIOS UNIDOS";4.6830281;-74.0610043
0.34;153;148;"USAQUEN";4.6990947;-74.0314537
0.4;152;149;"USAQUEN";4.6890768;-74.0366462
0.63;148;150;"USAQUEN";4.69242;-74.0403816
0.35;850;151;"USAQUEN";4.6883672;-74.0492196
0.47;849;152;"CHAPINERO";4.6837141;-74.0549993
0.61;248;214;"CHAPINERO";4.6543398;-74.0499057
0.5;244;215;"CHAPINERO";4.6605066;-74.0474734
0.28;264;216;"CHAPINERO";4.667575;-74.0440688
0.42;265;217;"CHAPINERO";4.672939;-74.0389895
0.63;158;218;"USAQUEN";4.6819867;-74.0369483
0.42;250;219;"CHAPINERO";4.6474059;-74.0517097
0.21;266;220;"CHAPINERO";4.6400689;-74.054508
0.74;156;227;"USAQUEN";4.6861897;-74.028388
0.25;157;228;"USAQUEN";4.68355;-74.0289446
0.13;243;229;"CHAPINERO";4.6658076;-74.049688
0.23;263;230;"CHAPINERO";4.6675597;-74.0485531
0.19;262;231;"CHAPINERO";4.670981;-74.0464511
0.35;261;232;"CHAPINERO";4.6747192;-74.0443752
0.15;260;233;"CHAPINERO";4.677866;-74.0425047
0.36;245;234;"CHAPINERO";4.6625094;-74.0526393
0.3;252;235;"CHAPINERO";4.6498415;-74.0549697
0.12;253;236;"CHAPINERO";4.6523656;-74.0547417
0.22;847;237;"CHAPINERO";4.6575847;-74.0558766
0.34;251;238;"CHAPINERO";4.6458796;-74.055579
0.8;155;249;"USAQUEN";4.6926129;-74.0289875
0.52;151;250;"USAQUEN";4.6823407;-74.0391867
0.43;259;251;"CHAPINERO";4.6813079;-74.0450208
0.18;149;252;"USAQUEN";4.6879671;-74.0451943
0.13;150;253;"USAQUEN";4.6854889;-74.0447064
0.34;258;254;"CHAPINERO";4.6775457;-74.0488593
0.18;257;255;"CHAPINERO";4.6733174;-74.0509342
0.2;256;256;"CHAPINERO";4.6703345;-74.0522007
0.13;242;257;"CHAPINERO";4.6677338;-74.0545055
0.27;165;265;"CHAPINERO";4.6789165;-74.0545425
0.27;164;266;"CHAPINERO";4.6760159;-74.0560674
0.66;168;267;"BARRIOS UNIDOS";4.6729736;-74.0622598
0.26;241;268;"CHAPINERO";4.6659487;-74.0588047
0.19;224;269;"BARRIOS UNIDOS";4.6669468;-74.0637295
0.21;246;270;"CHAPINERO";4.6637766;-74.0562369
0.28;255;507;"CHAPINERO";4.6505838;-74.0613834
0.27;848;508;"CHAPINERO";4.6538441;-74.0584242
0.14;240;509;"BARRIOS UNIDOS";4.6574829;-74.0634324
0.28;234;510;"BARRIOS UNIDOS";4.6632267;-74.0636392
0.23;239;524;"BARRIOS UNIDOS";4.6529344;-74.0656555
0.12;236;525;"BARRIOS UNIDOS";4.6550783;-74.0676749
0.28;235;526;"BARRIOS UNIDOS";4.6595322;-74.0667674
0.29;231;527;"BARRIOS UNIDOS";4.6626382;-74.0700245
0.11;232;528;"BARRIOS UNIDOS";4.6649673;-74.0684166
0.65;198;542;"ENGATIVA";4.6999;-74.1196314
0.56;200;543;"ENGATIVA";4.694131;-74.1123982
0.68;204;544;"ENGATIVA";4.6830612;-74.1085741
0.71;301;545;"ENGATIVA";4.67326;-74.1089729
0.43;303;546;"ENGATIVA";4.679053;-74.1136442
0.13;238;547;"BARRIOS UNIDOS";4.6522385;-74.0686524
0.11;237;548;"BARRIOS UNIDOS";4.6526361;-74.070857
0.24;230;549;"BARRIOS UNIDOS";4.6576647;-74.0711778
0.36;227;550;"BARRIOS UNIDOS";4.6591773;-74.0751161
0.19;226;551;"BARRIOS UNIDOS";4.664732;-74.073422
0.48;282;552;"TEUSAQUILLO";4.6465032;-74.0710944
0.32;281;553;"TEUSAQUILLO";4.6457334;-74.0671919
0.45;275;554;"CHAPINERO";4.6445615;-74.0631169
0.15;274;555;"CHAPINERO";4.644573;-74.0584523
0.19;273;556;"CHAPINERO";4.6412955;-74.060799
0.25;267;557;"CHAPINERO";4.6393282;-74.0575096
0.15;283;558;"TEUSAQUILLO";4.6499936;-74.0746594
0.22;286;559;"TEUSAQUILLO";4.6419912;-74.0749691
0.27;288;560;"TEUSAQUILLO";4.6381018;-74.0779994
0.16;285;561;"TEUSAQUILLO";4.6425222;-74.070578
0.33;287;562;"TEUSAQUILLO";4.6386501;-74.0738281
0.36;279;563;"TEUSAQUILLO";4.6349463;-74.0719071
0.22;280;564;"TEUSAQUILLO";4.638606;-74.0676808
0.35;276;565;"CHAPINERO";4.6361114;-74.0648776
0.2;277;566;"CHAPINERO";4.6294811;-74.0660349
0.34;272;567;"CHAPINERO";4.6354047;-74.0624629
0.22;271;568;"CHAPINERO";4.6267777;-74.063931
0.53;290;570;"TEUSAQUILLO";4.6474551;-74.0824132
0.8;327;578;"TEUSAQUILLO";4.6456171;-74.1010991
0.18;291;579;"TEUSAQUILLO";4.6490767;-74.0795278
0.12;220;580;"BARRIOS UNIDOS";4.6548931;-74.0788863
0.9;219;581;"BARRIOS UNIDOS";4.6607097;-74.0814033
0.58;218;582;"BARRIOS UNIDOS";4.6653933;-74.0813376
0.33;217;583;"BARRIOS UNIDOS";4.6694247;-74.0780666
0.16;221;584;"BARRIOS UNIDOS";4.662655;-74.0783712
0.15;225;585;"BARRIOS UNIDOS";4.6686453;-74.0711362
0.5;292;586;"TEUSAQUILLO";4.6511273;-74.0889022
0.15;174;587;"BARRIOS UNIDOS";4.6761382;-74.0771671
0.34;222;588;"BARRIOS UNIDOS";4.6696052;-74.0744572
0.53;295;589;"TEUSAQUILLO";4.6466515;-74.0910582
0.61;298;590;"TEUSAQUILLO";4.6524778;-74.0990558
0.73;294;591;"TEUSAQUILLO";4.6447196;-74.0935864
0.19;293;592;"TEUSAQUILLO";4.6440392;-74.0879361
1.36;289;593;"TEUSAQUILLO";4.6385751;-74.0821419
0.22;991;594;"TEUSAQUILLO";4.6293648;-74.0740533
0.2;278;595;"TEUSAQUILLO";4.6314559;-74.0707843
0.23;341;596;"TEUSAQUILLO";4.6279674;-74.0704772
0.36;344;597;"TEUSAQUILLO";4.6231323;-74.0722575
0.22;952;623;"TEUSAQUILLO";4.6258726;-74.0891584
0.38;330;645;"TEUSAQUILLO";4.6338294;-74.0969369
0.15;268;686;"CHAPINERO";4.624635;-74.0593645
0.32;270;687;"CHAPINERO";4.6283292;-74.0575764
0.24;284;688;"CHAPINERO";4.6342028;-74.0576652
0.18;356;696;"TEUSAQUILLO";4.6187115;-74.072503
0.12;395;701;"TEUSAQUILLO";4.621763;-74.0763305
0.24;339;702;"TEUSAQUILLO";4.6271529;-74.0789265
0.23;337;705;"TEUSAQUILLO";4.6269698;-74.0843405
0.18;336;706;"TEUSAQUILLO";4.6308687;-74.0816256
0.33;335;709;"TEUSAQUILLO";4.6314951;-74.0869876
0.19;333;710;"TEUSAQUILLO";4.6332228;-74.0931177
0.15;331;711;"TEUSAQUILLO";4.6377697;-74.0936332
0.07;338;717;"TEUSAQUILLO";4.6248602;-74.0807787
0.1;269;718;"CHAPINERO";4.6310735;-74.0598633
0.35;171;719;"BARRIOS UNIDOS";4.682879;-74.0658744
0.67;172;720;"BARRIOS UNIDOS";4.6860852;-74.0701504
0.25;206;721;"ENGATIVA";4.6811624;-74.1028418
0.27;205;722;"ENGATIVA";4.6782294;-74.1046855
0.24;211;723;"ENGATIVA";4.6736038;-74.1015303
0.58;300;724;"ENGATIVA";4.6685303;-74.1062731
1.61;299;725;"ENGATIVA";4.6626924;-74.102158
0.62;135;726;"SUBA";4.695345;-74.077641
0.71;134;727;"SUBA";4.6994711;-74.0777161
0.79;170;728;"BARRIOS UNIDOS";4.6820164;-74.072314
0.46;175;729;"BARRIOS UNIDOS";4.6791784;-74.0802491
0.46;173;730;"BARRIOS UNIDOS";4.6752873;-74.0726808
0.63;176;731;"ENGATIVA";4.6826545;-74.0843398
0.21;169;732;"BARRIOS UNIDOS";4.6765386;-74.0651073
0.23;223;733;"BARRIOS UNIDOS";4.6704056;-74.0675059
0.18;177;734;"ENGATIVA";4.6875893;-74.0795616
0.83;136;735;"SUBA";4.6907052;-74.0737761
0.13;233;736;"BARRIOS UNIDOS";4.6668297;-74.0671944
0.35;841;737;"ENGATIVA";4.6794519;-74.092338
0.38;842;738;"ENGATIVA";4.6765464;-74.0892672
0.76;214;739;"BARRIOS UNIDOS";4.6650335;-74.0862312
1.1;297;740;"TEUSAQUILLO";4.6613847;-74.0972
0.51;207;741;"ENGATIVA";4.6858916;-74.0997158
0.34;203;742;"ENGATIVA";4.6883765;-74.1036253
0.21;209;743;"ENGATIVA";4.6811158;-74.0966533
0.3;210;744;"ENGATIVA";4.677292;-74.0992432
0.34;178;745;"ENGATIVA";4.6925133;-74.0836781
0.51;131;746;"ENGATIVA";4.7001656;-74.0896811
0.55;181;747;"ENGATIVA";4.6923372;-74.09452
0.33;182;748;"ENGATIVA";4.6936622;-74.0992176
0.33;202;749;"ENGATIVA";4.6915776;-74.1055044
0.46;179;750;"ENGATIVA";4.6865657;-74.0874462
0.35;216;751;"BARRIOS UNIDOS";4.6743333;-74.0815303
0.37;215;752;"BARRIOS UNIDOS";4.6729418;-74.084977
0.22;208;753;"ENGATIVA";4.6837612;-74.094488
0.61;180;754;"ENGATIVA";4.6898445;-74.090038
0.18;296;755;"TEUSAQUILLO";4.6545326;-74.0876541
0.4;124;756;"ENGATIVA";4.7079564;-74.1021461
0.31;130;757;"ENGATIVA";4.701088;-74.0938639
0.27;128;758;"ENGATIVA";4.7077575;-74.0920332
0.18;228;759;"BARRIOS UNIDOS";4.6545487;-74.0766287
0.16;229;760;"BARRIOS UNIDOS";4.6530389;-74.073312
0.36;163;761;"CHAPINERO";4.6711911;-74.0574209
0.25;137;762;"SUBA";4.6914362;-74.0686374
0.88;159;764;"USAQUEN";4.6729427;-74.0183773
0.85;161;765;"CHAPINERO";4.668933;-74.0247041
0.77;160;766;"CHAPINERO";4.6655651;-74.0166581
0.09;162;767;"CHAPINERO";4.6702107;-74.0388879
2.43;8;768;"SUBA";4.7751404;-74.0525736
1.01;855;769;"SUBA";4.7667117;-74.0662671
2.15;958;770;"SUBA";4.7979614;-74.0462154
4.65;960;771;"SUBA";4.8176267;-74.0448558
1.35;959;772;"USAQUEN";4.7972959;-74.0384645
1.36;6;773;"USAQUEN";4.7780103;-74.0319505
1;5;774;"USAQUEN";4.7886547;-74.0284029
1.57;27;775;"SUBA";4.7584657;-74.0518615
0.28;29;776;"SUBA";4.7573107;-74.0635289
1.05;9;777;"SUBA";4.7662825;-74.0496473
0.39;956;778;"USAQUEN";4.7665855;-74.0353125
0.91;957;779;"USAQUEN";4.7745671;-74.0360498
0.67;47;780;"SUBA";4.7491687;-74.0540893
0.29;48;781;"SUBA";4.7444657;-74.0588005
0.29;49;782;"SUBA";4.7502354;-74.0500322
0.32;64;783;"SUBA";4.7332658;-74.0528044
0.24;65;784;"SUBA";4.7369113;-74.0521983
0.79;50;785;"SUBA";4.7426046;-74.0541025
0.48;53;786;"USAQUEN";4.7424927;-74.0418312
0.76;52;787;"USAQUEN";4.7468675;-74.0415884
0.64;54;788;"USAQUEN";4.7434388;-74.0344024
0.51;61;789;"USAQUEN";4.7356447;-74.035149
0.52;22;790;"USAQUEN";4.7526866;-74.0369041
0.47;21;791;"USAQUEN";4.7477016;-74.0276864
0.64;55;792;"USAQUEN";4.7451092;-74.0268947
0.54;56;793;"USAQUEN";4.7394902;-74.0275935
0.41;59;794;"USAQUEN";4.7347206;-74.0281426
0.36;60;795;"USAQUEN";4.7311597;-74.0279798
0.25;23;796;"USAQUEN";4.7585555;-74.0340348
0.33;17;797;"USAQUEN";4.7539728;-74.0275931
0.25;116;798;"SUBA";4.7460993;-74.1175016
0.52;117;799;"SUBA";4.7459642;-74.1256381
0.32;118;800;"SUBA";4.7406716;-74.1279037
1.05;115;801;"SUBA";4.7421711;-74.117667
0.94;114;802;"SUBA";4.7385143;-74.1121701
0.6;113;803;"SUBA";4.7320257;-74.1075952
0.53;110;804;"SUBA";4.7463098;-74.1025915
0.52;106;805;"SUBA";4.7347561;-74.0922077
0.39;109;806;"SUBA";4.7425345;-74.1007925
0.31;111;807;"SUBA";4.7410164;-74.1046957
0.52;108;808;"SUBA";4.7418428;-74.0935469
0.31;90;809;"SUBA";4.7189855;-74.0596352
0.36;14;810;"USAQUEN";4.7593222;-74.0224189
0.48;13;811;"USAQUEN";4.7651182;-74.0257019
0.2;16;812;"USAQUEN";4.7575393;-74.028541
0.09;15;813;"USAQUEN";4.7600746;-74.0288894
0.46;12;814;"USAQUEN";4.7647575;-74.0292134
0.91;11;815;"USAQUEN";4.7628459;-74.0376753
0.48;77;816;"USAQUEN";4.7265826;-74.0288164
0.46;63;817;"USAQUEN";4.7336255;-74.0472279
0.18;26;818;"USAQUEN";4.7531032;-74.0444917
0.67;25;819;"USAQUEN";4.7532748;-74.0405573
0.18;24;820;"USAQUEN";4.7585727;-74.0387864
0.09;844;835;"TEUSAQUILLO";4.6281604;-74.093672
0.39;340;870;"TEUSAQUILLO";4.6292298;-74.0768382
0.87;997;876;"TEUSAQUILLO";4.6422569;-74.104302
0.28;835;879;"ENGATIVA";4.7093604;-74.1319104
0.88;42;880;"SUBA";4.7458709;-74.0793584
0.41;43;881;"SUBA";4.7454616;-74.0743
0.68;838;882;"SUBA";4.7352638;-74.0646244
0.77;94;883;"SUBA";4.723784;-74.0694426
0.28;32;884;"SUBA";4.7552659;-74.0778366
0.4;212;885;"ENGATIVA";4.6731229;-74.0966905
0.45;213;886;"ENGATIVA";4.6710322;-74.0933965
0.12;334;888;"TEUSAQUILLO";4.6289323;-74.0898194
0.07;845;889;"CHAPINERO";4.6283136;-74.0606219
0.26;846;890;"TEUSAQUILLO";4.6471443;-74.0769647
0.26;247;891;"CHAPINERO";4.6602064;-74.0591407
0.18;254;892;"CHAPINERO";4.6557911;-74.0612121
0.17;166;893;"CHAPINERO";4.6816151;-74.0511527
0.45;144;894;"USAQUEN";4.6900044;-74.0541063
0.38;145;895;"USAQUEN";4.6959951;-74.0531178
0.47;146;896;"USAQUEN";4.7022318;-74.051832
0.45;853;897;"SUBA";4.7018194;-74.0602667
0.85;58;898;"USAQUEN";4.7337844;-74.0166415
0.97;28;899;"SUBA";4.7623304;-74.0601933
0.39;10;900;"USAQUEN";4.7668947;-74.042066
0.26;7;901;"USAQUEN";4.7736391;-74.0411455
2.46;4;902;"SUBA";4.7850801;-74.0499581
1.35;3;903;"USAQUEN";4.8148981;-74.0309044
3.62;2;904;"SUBA";4.8199856;-74.0662688
0.44;141;905;"SUBA";4.6985787;-74.0605424
